image_width: 1280
image_height: 720
camera_name: narrow_stereo
camera_matrix:
  rows: 3
  cols: 3
  data: [1006.192078, 0, 640.33925, 0, 1005.629352, 352.769837, 0, 0, 1]
distortion_model: plumb_bob
distortion_coefficients:
  rows: 1
  cols: 5
  data: [-0.00018, -0.030608, 0.00118, -0.001324, 0]
rectification_matrix:
  rows: 3
  cols: 3
  data: [1, 0, 0, 0, 1, 0, 0, 0, 1]
projection_matrix:
  rows: 3
  cols: 4
  data: [1000.193115, 0, 638.178602, 0, 0, 1003.949158, 352.749185, 0, 0, 0, 1, 0]